63
66
74
78
73
75
80
73
66
76
70
66
67
75
69
71
70
68
69
61
71
87
85
59
100
76
72
73
92
87
76
135
67
77
69
71
80
71
77
66
69
96
76
69
61
78
62
71
71
69
70
67
88
70
94
70
75
67
77
78
72
66
68
59
61
71
65
65
69
64
71
77
70
79
70
84
84
56
109
74
88
74
68
77
64
73
65
69
65
62
57
67
107
63
66
64
74
65
83
68
85
62
68
69
84
66
66
68
64
70
67
52
66
67
68
66
65
59
54
67
62
51
59
70
143
68
84
89
105
67
76
69
61
74
67
74
74
76
77
69
70
84
79
60
101
68
83
67
77
60
62
70
76
93
74
67
66
64
70
66
70
76
80
83
73
68
71
67
48
68
72
67
136
62
59
76
76
68
96
97
77
134
70
70
70
68
74
63
69
85
90
66
65
76
47
72
75
91
80
71
79
66
70
64
64
63
65
75
61
63
72
62
59
65
58
58
59
63
68
70
71
77
91
90
71
68
85
90
61
78
80
60
65
68
70
71
64
74
85
61
66
56
60
67
62
63
46
74
65
66
73
71
73
68
78
77
68
60
67
63
66
64
61
55
61
68
76
68
65
65
65
56
65
98
88
65
62
97
74
81
83
58
73
83
52
74
74
86
95
85
86
72
70
70
87
79
66
74
63
66
72
65
66
63
76
66
57
60
68
62
77
44
105
115
148
148
58
75
86
74
64
63
79
75
70
64
73
74
79
72
75
76
79
144
79
79
