73
71
62
71
71
66
60
62
56
57
56
58
55
60
56
54
71
71
68
85
93
85
75
76
78
75
73
69
71
76
65
75
81
71
71
69
69
73
71
63
61
62
75
75
71
71
78
73
75
68
63
69
76
63
66
62
66
62
61
57
56
57
56
55
51
53
54
52
65
66
81
119
66
76
66
76
76
76
75
78
73
69
63
73
68
71
71
68
90
66
73
71
90
78
75
73
71
66
83
73
81
68
63
56
57
56
54
60
57
56
56
68
54
57
53
53
53
53
53
76
76
75
66
65
103
90
75
83
81
76
44
75
69
69
69
78
71
75
58
66
63
83
71
120
69
62
61
60
56
60
69
66
65
73
54
54
52
60
60
61
56
52
52
53
54
54
63
66
71
73
93
85
52
78
73
78
78
78
76
83
76
75
71
75
66
68
75
75
75
63
76
76
76
78
83
71
71
81
75
68
66
83
71
57
57
58
60
61
56
56
62
61
65
55
53
53
53
71
76
78
66
71
73
63
73
75
125
78
68
61
76
60
73
93
111
68
83
78
73
76
75
73
71
65
66
66
75
73
75
56
56
54
60
60
58
58
53
52
53
54
55
50
50
53
53
65
73
65
83
83
62
73
81
58
76
71
68
81
69
81
78
75
78
75
75
76
78
75
76
78
90
75
71
71
83
50
61
57
55
56
57
57
56
53
53
53
53
53
61
71
69
71
66
42
90
107
69
88
75
75
75
68
76
68
65
71
71
71
71
90
71
71
73
73
73
81
