107
108
116
121
108
116
142
115
126
122
113
102
106
117
105
111
109
113
117
142
105
121
120
116
134
125
119
121
141
127
162
159
96
128
114
117
132
110
116
116
109
137
104
113
101
127
95
120
111
101
120
121
135
114
144
121
132
116
121
123
138
114
113
98
111
108
104
103
111
112
139
161
123
110
123
130
130
136
154
101
130
115
109
93
115
117
105
110
104
95
133
110
138
106
91
107
136
111
134
110
129
105
110
111
106
109
109
118
111
114
99
80
111
105
113
100
98
100
100
116
97
111
106
161
160
147
97
107
134
99
106
91
94
119
121
113
117
127
127
91
116
136
118
131
116
117
132
101
116
131
150
107
124
135
114
109
112
117
120
117
135
148
139
142
156
117
111
102
127
108
136
105
150
143
99
116
116
105
137
147
133
146
111
120
107
103
122
106
109
132
129
104
105
100
136
104
144
142
118
128
130
105
134
108
104
100
102
110
104
96
98
97
101
102
97
102
93
111
112
106
110
115
129
102
111
105
108
115
103
170
106
107
129
128
86
116
114
118
124
126
105
140
109
106
99
108
129
123
145
115
128
138
129
135
130
143
116
109
127
114
119
100
103
97
100
115
107
115
120
120
110
90
94
122
109
110
105
122
117
98
166
139
112
129
135
137
120
145
145
137
141
136
135
135
132
126
98
123
115
109
123
100
114
100
109
118
99
102
99
102
158
116
138
141
196
173
137
109
143
138
115
137
124
121
119
119
122
118
128
104
122
120
117
171
117
122
