36.4
36.29
36.21
36.25
36.31
36.29
36.29
36.23
36.18
36.21
36.16
36.08
36.09
36.15
36.15
36.1
35.98
35.97
35.99
36.02
35.99
35.97
35.93
35.88
35.85
35.86
35.92
35.96
36.01
35.86
35.85
35.87
35.94
35.95
35.9
35.83
35.77
35.67
35.59
35.53
35.47
35.49
35.45
35.52
35.59
35.62
35.71
35.78
35.8
35.67
35.6
35.65
35.67
35.7
35.68
35.66
35.62
35.65
35.63
35.66
35.64
35.58
35.59
35.63
35.64
35.67
35.76
35.79
35.96
36.02
36.1
36.24
36.34
36.41
36.51
36.64
36.81
36.99
37.21
37.4
37.9
38.03
38.4
38.69
38.47
38.19
38.06
37.9
37.94
38.04
37.89
37.67
37.64
37.58
38.04
38.53
38.85
38.93
38.93
38.88
38.7
38.43
38.23
38.17
38.25
38.2
38.13
38.04
37.87
37.79
37.75
37.7
37.56
37.47
37.97
37.36
37.42
37.54
38.05
37.95
37.7
38.07
38.15
38.27
38.08
38.65
38.44
38.39
37.95
38.21
37.78
38.17
37.79
37.62
37.91
38
37.6
37.5
37.46
37.52
37.94
37.95
38.4
38.4
38.4
38.39
37.87
38.44
38.47
38.61
38.21
38.33
38.08
38.3
38.13
38.17
38.42
38.29
38.18
38.26
37.95
37.65
37.65
37.63
37.67
37.73
37.81
37.87
37.78
37.63
38
37.98
38.19
38.19
38.09
38.21
37.96
38
38.09
38.17
38.2
37.87
38.24
38.22
38.25
38.31
38.34
38.34
38.16
38.37
38.42
38.41
38.64
38.06
38.01
38.01
38.21
38.26
37.78
37.79
37.86
37.81
37.74
37.65
37.4
37.23
37.2
36.99
37
36.86
36.67
36.63
36.63
36.57
36.52
36.47
36.5
36.41
36.35
36.26
36.21
36.19
36.28
36.03
35.98
35.96
35.97
35.99
35.86
35.94
36.13
36.03
35.93
35.89
35.86
35.86
35.94
35.99
35.88
35.83
35.84
35.65
35.62
35.67
35.73
35.71
35.61
35.44
35.49
35.64
35.73
35.86
35.92
36.01
35.96
35.8
35.75
35.66
35.59
35.57
35.5
35.43
35.37
35.29
35.26
35.28
35.3
35.38
35.35
35.3
35.26
35.27
35.23
35.23
35.25
35.31
35.34
35.3
35.34
35.32
35.29
35.39
35.46
35.45
35.53
35.5
35.39
35.36
35.28
35.29
35.31
35.38
35.36
35.33
35.34
35.23
35.2
35.26
35.31
35.28
35.39
35.51
35.61
35.6
35.65
35.72
35.77
35.9
35.91
35.95
36.07
36.4
36.59
36.67
36.72
36.88
37.08
37.25
37.47
37.8
38.29
38.74
38.86
38.44
37.99
38.11
37.97
37.74
37.76
37.8
37.87
37.87
38.12
38.55
38.96
39.07
38.87
38.87
38.45
38.4
38.17
37.96
37.91
37.95
37.92
37.85
37.78
37.64
37.56
37.51
37.43
37.5
37.54
37.78
38.04
37.83
37.84
37.82
37.82
37.82
37.73
37.84
37.6
37.96
37.76
37.49
37.42
37.45
37.57
37.52
37.34
37.71
37.61
37.61
37.61
37.53
37.47
36.92
36.91
36.97
36.98
36.95
36.98
37
37
36.95
37.08
37.31
37.91
38.41
37.76
37.59
37.6
37.72
37.7
37.62
37.6
37.69
37.83
37.65
37.56
37.56
37.51
38.12
37.53
37.46
37.46
37.51
37.67
38.14
37.94
38.13
37.97
37.97
38.01
38.11
38.21
38.42
38.13
38
38.74
38.73
38.32
38.18
38.04
38.09
38.07
38.27
38.13
38.04
38.87
38.3
38.3
38.52
37.83
37.85
37.99
37.95
37.85
37.78
37.71
37.6
37.51
37.33
37.26
37.17
37.09
37.06
36.97
36.92
36.81
36.74
36.7
36.72
36.72
36.72
36.47
36.48
36.42
36.37
36.34
36.21
36.21
36.13
36.02
35.99
36.03
36.04
36.03
36
36
36.02
36.05
36.01
35.96
35.98
35.99
36
35.9
35.83
35.88
35.88
35.74
35.74
35.74
35.74
35.82
35.79
35.72
35.7
35.71
35.73
35.69
35.69
35.69
35.71
35.63
35.51
35.56
35.47
35.43
35.46
35.47
35.54
35.55
35.58
35.61
35.6
35.47
35.33
35.31
35.41
35.46
35.45
35.6
35.61
35.72
35.76
35.87
35.79
35.78
35.8
35.8
35.83
35.79
35.85
35.87
35.77
35.72
35.72
35.78
35.89
35.96
35.97
35.91
35.78
35.78
35.76
35.74
35.77
35.84
35.92
35.93
36.03
36.03
36.07
36.13
36.17
36.25
36.41
36.65
36.72
36.77
36.95
37.12
37.28
37.49
37.87
37.96
38.56
39.02
39.25
39.26
39.04
38.63
38.54
38.53
38.53
38.39
38.4
38.67
38.67
38.38
38.06
38.02
38.01
38.04
38.3
38.1
37.99
37.79
37.65
37.59
37.54
37.77
37.82
38.1
38.48
38.28
38.39
38.62
38.39
38.19
38.07
38.05
37.91
37.82
37.8
37.74
37.74
37.78
38.03
38.15
37.88
37.73
37.56
37.52
37.49
37.54
37.53
37.52
37.49
37.47
37.45
37.36
37.34
37.51
37.65
37.58
37.98
37.69
37.67
37.66
37.68
37.64
37.77
37.88
38.57
38.05
37.85
37.85
37.75
37.62
37.6
37.73
37.65
37.49
37.46
37.52
37.52
38.55
38.19
38.36
38.09
37.94
37.87
37.69
37.62
37.54
37.46
37.42
37.38
37.39
37.35
37.36
37.36
37.36
37.39
37.39
37.48
37.53
37.51
37.53
37.57
37.44
37.47
37.6
37.76
37.94
38.2
38.1
38.38
38.02
37.84
37.72
37.68
37.68
37.61
37.62
37.82
37.97
38
37.79
37.54
37.26
37.11
36.94
36.92
36.88
36.85
36.82
36.61
36.55
36.6
36.57
36.52
36.5
36.35
36.25
36.23
36.24
36.24
36.13
36.06
36.04
36.02
36
36
35.94
35.91
35.9
35.65
35.59
35.58
35.64
35.71
35.67
35.63
35.61
35.61
35.68
35.55
35.54
35.5
35.44
35.36
35.38
35.46
35.52
35.51
35.49
35.51
35.41
35.42
35.42
35.43
35.36
35.32
35.31
35.29
35.24
35.21
35.17
35.07
35.04
35.02
34.93
34.88
34.96
34.99
34.95
34.89
34.96
35.04
35.13
35.19
35.28
35.31
35.38
35.44
35.45
35.45
35.46
35.45
35.39
35.33
35.34
35.33
35.34
35.34
35.33
35.35
35.4
35.42
35.4
35.42
35.58
35.56
35.6
35.67
35.75
35.88
36.09
36.2
36.32
36.52
36.66
36.66
36.74
36.73
36.65
36.84
37.02
37.11
37.19
37.23
37.33
37.72
37.82
38.27
38.88
39.32
39.45
39.41
39.33
39.27
39.27
39.07
39.01
38.66
38.47
38.36
38.29
38.28
38.33
38.36
38.43
38.34
38.33
38.33
38.27
38.02
37.95
38.24
38.34
38.12
38.03
38.06
38.25
38.02
37.86
37.85
37.82
37.83
37.79
37.59
37.59
37.71
37.76
37.83
37.97
38.16
37.97
37.9
37.76
37.73
37.77
37.81
37.66
37.65
37.64
37.63
37.58
37.52
37.53
37.4
37.41
37.4
37.3
37.34
37.39
37.44
37.48
37.52
37.47
37.58
37.54
37.46
37.64
37.82
38.16
38.25
38.04
37.94
37.79
37.72
37.65
37.54
37.58
37.68
37.72
37.73
37.79
37.89
37.94
38.01
38.15
38.27
37.89
37.89
37.81
38.01
38.03
38.04
38.18
38.07
38.23
38.46
38.09
38.12
38.23
38.24
38.14
38.03
38
38.16
38.2
38.33
38.18
37.97
37.9
37.83
38.15
38.17
37.97
37.92
37.96
38.04
38.01
38.3
38.52
38.4
38.14
37.92
37.69
37.56
37.25
37.25
37.25
37.25
36.84
36.64
36.62
36.59
36.55
36.51
36.32
36.24
36.26
36.24
36.16
35.97
35.96
36.03
36.15
36.19
36.19
36.15
36.12
36.13
36.13
35.97
35.96
35.95
35.93
35.97
36.09
36.14
36.19
36.12
