34.19
34.01
33.78
33.59
33.41
33.21
32.94
32.75
32.52
32.41
32.25
32.02
31.9
31.81
31.63
31.42
31.18
31.22
31.25
31.24
31.25
31.32
31.26
31.21
31.19
31.2
31.22
31.21
31.13
31.08
31.08
31.08
30.97
30.97
30.93
30.95
30.95
30.69
30.72
30.72
30.84
31.03
31.29
31.45
31.59
31.97
32.25
32.35
32.55
32.53
32.52
32.59
32.73
32.79
33.06
33.18
33.22
33.37
33.48
33.77
34.13
34.42
34.6
34.63
34.83
35.19
35.31
35.47
35.62
35.59
35.52
35.63
35.61
35.88
35.99
35.99
36.25
36.48
36.88
37.19
37.67
37.62
37.56
37.55
37.72
37.58
37.35
37.07
36.95
36.96
37.17
37.26
37.34
37.24
37.87
38.39
38.67
39.03
39.03
39.03
38.45
38.21
38.59
38.69
38.89
38.85
38.66
38.18
37.95
37.89
37.78
37.56
37.47
37.42
37.81
38.09
38.45
38.57
39.35
38.12
38.27
38.3
38.13
38.05
38.17
37.86
37.66
37.43
37.37
37.37
37.28
37.18
37.56
37.74
37.52
37.27
37.08
37.29
37.35
37.24
37.22
37.12
37.09
37.05
36.91
36.94
36.75
36.75
36.81
36.75
36.95
37.29
37.14
37.07
37.01
37.26
37.56
37.84
37.75
37.36
37.27
37.22
37.21
37.23
37.1
37.06
36.9
37.2
37.66
37.65
38.16
38.53
38.6
38.52
38.31
38.16
38.03
37.96
38.04
38.29
38.68
38.79
39.03
38.72
38.49
38.55
38.7
38.75
39
38.83
38.99
38.79
38.67
38.69
38.69
38.36
37.98
37.81
37.73
38.29
38.17
37.84
37.97
37.94
37.94
37.66
37.6
37.3
37.18
36.87
36.67
36.49
36.38
36.35
36.26
36.03
35.95
36
35.85
35.85
35.9
35.62
35.51
35.33
35.15
35.03
35.01
34.99
34.96
34.86
34.57
34.57
34.47
34.39
34.31
34.13
34.11
34.35
34.43
34.46
34.52
34.56
34.38
34.16
34.15
33.92
33.83
33.67
33.44
33.24
33.18
32.96
32.77
32.59
32.58
32.51
32.43
32.37
32.19
32.1
31.96
31.8
31.65
31.6
31.49
31.37
31.2
31.34
31.43
31.25
31.16
30.94
30.63
30.79
30.83
30.81
30.84
30.8
30.66
30.62
30.82
30.83
30.79
30.81
30.65
31.03
30.91
31.04
31.09
31.19
31.28
31.33
31.81
32.34
32.78
33.06
33.2
33.45
33.84
34.15
34.55
34.69
34.8
35.32
35.47
35.37
35.26
35.64
35.87
35.85
35.8
35.79
35.88
35.74
36.01
36.1
36.17
36.2
36.44
36.66
36.81
36.81
36.52
36.33
36.27
36.14
36.22
36.2
36.25
36.26
36.26
36.26
36.32
36.28
36.15
35.17
36.29
36.58
36.75
36.85
37.06
37.41
37.6
37.47
37.42
37.31
37.18
37.03
37.17
37.62
38.07
38.36
38.53
38.63
38.14
38.71
38.53
38.3
38.04
37.92
37.84
37.77
37.59
37.31
37.15
37.07
37.05
37.16
37.12
37.01
37.25
37.23
37.44
37.34
37.17
37.78
37.88
37.88
38.11
38.06
37.99
38.2
38.51
38.66
38.79
38.8
38.32
38.26
38.02
37.82
37.66
37.54
37.39
37.32
37.3
36.96
37.25
37.4
37.3
37.41
37.41
37.36
37.4
37.48
37.2
37.46
37.4
37.63
37.61
37.89
38.25
38.48
38.41
38.3
38.62
38.88
38.9
39.19
38.94
38.89
38.71
38.62
38.85
39.15
38.93
38.94
38.85
38.97
38.81
38.65
38.72
38.75
38.88
39
38.8
38.7
38.61
38.41
38.41
38.35
38.71
38.48
38.41
38.38
38.31
38.04
37.87
37.86
37.47
37.12
36.85
36.68
36.46
36.05
36.08
36.2
36.17
36.18
36.07
36.05
35.96
35.83
35.76
35.5
35.47
35.41
35.4
35.17
34.91
34.82
34.8
34.53
34.47
34.25
34.06
33.86
33.81
33.68
33.46
33.49
33.82
33.87
33.82
33.58
33.36
33.12
33.02
32.71
32.4
32.19
31.93
31.73
31.63
31.38
31.22
31.1
31.17
31.04
30.96
30.7
30.61
30.57
30.52
30.56
30.45
30.43
30.06
30.25
30.28
30.25
30.3
30.43
30.41
30.58
30.73
30.85
30.92
31.13
31.31
31.33
31.31
31.52
31.42
31.92
32.09
32.17
32.75
33.07
33.2
33.51
33.55
33.93
34.04
34.11
34.25
34.36
34.38
34.28
33.87
33.87
34.39
34.35
34.4
34.34
34.58
34.75
34.88
34.82
34.79
35.07
35.45
35.75
35.91
35.96
36.01
35.76
36.04
36.08
36.32
36.66
36.78
36.71
36.87
36.87
36.77
36.62
36.5
36.5
36.45
36.49
36.27
36.15
36.06
36.07
35.96
36.4
36.42
36.28
36.49
36.7
36.76
36.81
36.79
36.96
37.14
37.37
38
37.4
37.49
37.73
37.79
38.11
38.04
38.07
37.97
37.92
38.04
38.4
38.78
38.84
39.13
39.01
38.21
38.03
38.03
37.7
37.45
37.5
37.31
37.17
37.43
37.5
37.57
37.45
37.21
37.33
37.33
37.39
37.21
37.07
36.96
36.96
36.93
36.95
36.98
36.97
37.11
37.13
37.16
37.32
37.35
37.18
37.26
37.41
37.34
37.28
37.26
37.31
37.38
37.16
37.2
37.58
37.55
37.89
38.24
38.24
38.12
38.01
37.55
38.34
38.53
38.58
38.77
38.94
39.04
38.68
38.46
38.51
38.43
38.38
38.37
38.29
38.57
39.27
39.05
39.18
39.18
38.9
39
39.05
38.8
38.95
38.77
38.91
39.6
38.91
39.02
38.9
38.74
38.91
38.9
38.82
38.64
38.47
38.09
37.88
37.88
37.51
37.28
37.18
37.11
36.94
36.84
36.5
36.28
36.19
36.07
36.06
36.06
35.96
35.83
35.7
35.64
35.64
35.57
35.44
35.26
35.16
35.3
35.63
35.88
36.08
35.96
35.66
35.64
35.52
35.39
35.14
34.95
34.77
34.7
34.49
34.22
33.94
33.64
33.3
32.96
32.61
32.29
32.24
31.98
31.74
31.5
31.3
31.08
30.87
30.69
30.54
30.37
30.2
30.06
30
29.9
29.78
29.78
29.87
30.06
30.06
29.79
29.83
30.06
30.06
29.99
29.81
29.82
30.06
30.06
30.06
29.86
30.06
30.06
30.14
30.21
30.49
31.11
31.8
31.93
32.64
33.34
33.81
34.43
34.82
35.04
35.23
35.41
35.39
35.44
35.48
35.45
35.41
35.55
35.72
35.6
35.68
35.52
35.33
35.72
36.16
36.23
36.25
36.11
36.05
35.9
36.06
36.14
36.2
36.34
36.34
36.4
36.57
37.13
36.78
36.56
36.47
36.34
36.32
36.36
36.11
35.99
35.97
35.94
35.79
35.82
35.95
36.08
36.08
36.04
35.89
35.9
35.96
36.12
36.09
36.16
36.13
36.19
36.13
36.21
36.32
36.38
36.35
36.31
36.36
36.4
36.7
36.76
36.6
35.97
35.97
36.66
36.68
36.75
36.91
37
37.2
37.8
37.85
38.25
38.02
37.88
37.77
37.59
37.66
37.56
37.61
37.6
37.69
37.51
37.86
38.2
38.44
38.77
38.64
38.7
38.16
38.08
37.86
37.87
37.88
37.86
37.75
37.67
37.62
37.91
38.41
38.47
38.31
38.16
38.04
38.2
38.44
38.39
38.39
38.61
38.6
38.3
38.16
38
38.28
38.28
38.2
38.03
38
38.17
38.43
38.72
38.72
38.67
38.57
38.36
38.21
38.08
38.07
38.19
38.32
38.42
38.49
38.56
38.68
38.79
38.63
38.8
39.09
38.71
38.66
38.67
38.73
38.8
38.89
38.66
38.81
38.64
38.58
38.25
37.98
37.85
37.79
37.47
37.11
36.85
36.82
36.88
36.87
36.74
36.46
36.35
36.37
36.33
36.45
36.63
36.7
36.86
36.79
36.77
36.77
36.66
36.62
36.45
36.12
36.02
36.21
36.3
36.24
35.38
36.12
35.78
35.66
35.67
35.62
35.48
35.4
