34.63
34.54
34.37
34.08
33.85
33.79
33.76
33.67
33.64
33.67
33.7
33.58
33.44
33.35
33.13
33.05
33.12
33.32
33.21
33.13
33.14
33.19
33.21
33.31
33.35
33.43
33.46
34.49
34.48
34.44
34.45
34.5
34.64
34.68
34.69
34.8
34.73
34.78
35.01
35.1
35.14
35.24
35.32
35.49
35.47
35.5
35.46
35.56
35.63
35.65
35.8
36.04
36.15
36.29
36.42
36.56
36.55
36.55
36.77
37.03
37.19
37.55
37.88
38.16
38.17
38.34
38.39
38.51
38.53
38.4
38.17
37.85
37.74
38.09
37.96
37.56
37.21
36.95
36.8
37.05
36.9
36.79
37.31
37.93
38.34
38.44
38.36
38.28
37.97
37.71
37.78
38.04
38.28
38.41
38.4
38.45
38.39
38.32
37.95
37.61
37.25
36.9
37.44
37.96
37.9
37.59
37.87
37.9
37.84
37.47
37.26
36.99
36.89
36.94
36.77
36.53
36.44
37.43
37.35
37.57
37.76
37.91
38.23
38.55
38.52
38.65
38.39
38.13
37.91
37.86
37.6
37.29
37
37.09
37.17
37.19
37.07
37.37
37.79
38.08
38.2
38.08
37.87
37.76
37.59
37.62
37.76
37.94
38.1
38.34
38.46
38.52
38.62
38.58
38.31
38.07
37.98
37.9
37.82
37.76
38.31
38.54
38.82
38.97
39.03
38.97
39.06
38.9
38.59
38.29
37.96
37.89
37.92
38
38.35
38.36
38.4
38.26
38.26
38.26
38.26
38.33
38.29
38.15
38.08
37.86
37.67
38.47
38.08
38.05
37.8
37.51
37.37
37.69
37.55
37.16
37.43
38.12
38.02
37.61
37.29
37.52
37.36
36.98
36.58
36.3
36.23
36.11
35.86
35.59
35.39
35.16
35.17
35.06
34.9
34.83
34.76
34.67
34.65
34.61
34.62
34.52
34.4
34.31
34.2
34.12
34.12
34.02
33.94
33.81
33.69
33.61
33.49
33.52
33.44
33.31
33.42
33.27
33.15
33.08
33.2
33.23
33.27
33.49
33.5
33.38
33.26
33.15
33.07
32.94
32.8
32.62
32.58
32.47
32.35
32.2
32.08
32.08
32.1
32.04
32.01
32.4
32.62
32.75
32.85
32.79
32.79
32.79
32.81
32.97
33.26
33.54
33.54
33.54
33.83
33.73
33.66
33.89
33.96
34.04
34.04
34.2
34.03
34.09
34.15
34.22
34.44
34.52
34.58
34.64
34.77
34.89
34.93
34.95
35.11
35.41
35.66
35.58
35.72
35.91
35.99
36.05
36.43
36.78
36.9
37.1
37.18
37.48
37.73
37.82
37.78
37.5
37.66
37.41
37.34
37.29
37.12
37.31
37.3
37.27
37.39
37.66
38.1
38.38
38.44
38.55
38.5
38.46
38.33
38.46
38.3
38.07
37.96
37.67
37.34
37.28
37.16
37.54
37.42
37.44
37.72
38.08
38.16
38.2
38.29
38.31
38.43
38.46
38.52
38.48
38.56
38.56
38.59
38.48
38.1
37.77
37.55
37.43
37.26
37.28
37.26
37.18
37.04
36.94
36.95
36.76
36.64
36.63
36.58
36.67
36.76
36.75
36.75
36.74
36.77
36.7
36.88
36.88
36.79
36.8
36.87
37
36.93
36.8
37.13
37.22
37.46
37.56
37.52
37.63
37.66
37.66
37.9
38.16
38.61
38.65
38.48
38.25
38.11
37.97
37.75
37.77
37.91
38.23
38.47
38.72
38.6
38.45
38.31
38.21
38.23
38.23
38.44
38.74
38.94
39.08
38.99
38.85
38.98
38.86
38.69
38.42
38.22
38.2
38.22
38.16
38.08
38.08
37.75
37.62
37.52
37.83
37.94
37.93
38
38.03
37.78
37.73
37.56
37.35
37.98
37.91
37.81
37.71
37.31
37.08
37.01
36.87
36.93
36.73
36.52
36.4
36.19
36.88
36.75
36.52
36.04
36.15
35.9
35.82
35.76
35.93
35.9
35.77
35.63
35.49
35.42
35.34
35.25
35.21
35.08
34.89
34.76
34.66
34.65
34.61
34.52
34.44
34.41
34.33
34.23
34.17
34.4
34.43
34.41
34.33
34.18
34
33.9
34.04
34.04
33.99
34.05
34.16
34.01
33.82
33.66
33.43
33.4
33.29
33.22
33
32.74
32.51
32.67
32.75
32.16
31.92
31.74
31.56
31.49
31.34
31.2
31.19
31.07
31.13
31.05
31.57
31.17
31.32
31.3
31.28
31.49
31.96
32.23
32.59
32.87
33.26
33.48
33.64
33.88
34.31
34.49
34.75
34.57
34.94
34.95
34.92
35.13
35.21
35.5
35.44
35.55
35.54
35.88
36.14
36.1
36.34
36.5
36.93
37.34
37.45
37.35
37.2
37.19
37.73
37.75
37.8
37.62
37.59
37.55
37.22
37.67
37.62
37.53
37.81
37.77
38.05
38.47
38.54
38.6
38.64
38.39
38.08
37.67
37.45
37.15
37.1
37.45
37.56
37.41
37.61
38.28
38.39
38.38
38.38
38.33
38.46
38.46
37.76
37.76
37.24
37.07
36.97
37.08
37.08
37.33
37.33
37.17
36.96
36.88
37.11
37.41
37.39
37.31
37.23
37.12
37.44
37.78
38.16
38.4
38.28
38.05
37.86
37.54
37.19
37.18
37.18
37.42
37.43
37.88
37.47
37.49
37.41
37.43
37.48
37.39
37.82
38.1
38.08
37.97
37.83
37.8
37.68
37.61
37.18
37.49
37.72
38.05
38.46
38.55
38.52
38.64
38.71
38.73
38.74
38.54
38.58
38.63
38.68
38.69
38.63
38.59
38.64
38.6
38.34
38.06
37.87
37.72
37.61
37.52
37.44
38
38.13
38.22
38.24
38.18
38.18
38.08
38.1
38.15
37.75
38.24
38.48
38.47
38.53
38.12
37.91
38.08
38.24
38.13
37.95
37.74
37.67
37.5
37.32
37.18
37.08
36.98
37.72
38.29
38.1
37.83
37.49
37.35
37.09
36.82
36.62
36.45
36.26
36.11
36
35.99
35.92
35.86
35.79
35.75
35.68
35.59
35.58
35.6
35.55
35.48
34.99
35.06
35.19
35.28
35.25
35.24
35.35
35.31
35.31
35.27
35.2
35.16
35.19
35.05
34.95
35.04
35.06
35.1
35.06
35.15
35.18
35.16
35.11
35.11
35.02
34.98
34.84
34.84
34.92
34.91
34.96
35.05
35.18
35.21
35.2
35.19
35.19
35.14
35.09
35.04
35.02
34.87
34.59
34.41
34.29
34.16
33.96
33.87
33.82
33.8
33.77
33.65
33.54
33.46
33.41
33.42
33.45
33.36
33.49
33.6
33.75
33.89
34
34.21
34.38
34.5
34.62
34.75
34.88
34.9
34.96
35.12
35.23
35.44
35.57
35.59
35.59
35.66
35.71
35.89
36.19
36.62
36.81
37.05
37.17
37.4
37.52
37.66
37.79
38
38.63
37.68
37.36
37.7
37.62
37.45
37.15
36.83
37.64
38.11
37.72
38.24
38.28
38.21
37.96
37.65
37.67
37.6
37.48
37.42
37.4
37.44
37.53
37.83
38.28
38.27
38.26
38.52
38.57
38.56
38.5
38.5
38.32
38.09
37.82
37.78
37.92
37.72
37.52
37.31
37.18
37.12
37.06
37.09
37.16
37.12
37.1
37.14
37.02
37.03
37.19
37.25
37.27
37.36
37.35
37.22
37.23
37.22
37.28
37.45
37.69
37.77
38.16
38.26
38.08
37.83
37.75
37.66
37.7
37.73
37.99
38.28
38.24
38.16
37.73
37.45
37.55
37.45
37.3
37.1
36.91
36.85
36.74
36.7
36.65
36.69
36.65
36.59
36.89
37.28
37.43
37.64
37.9
38.27
38.6
38.5
38.67
38.62
38.19
38.59
38.42
38.27
37.98
37.84
37.86
37.83
37.94
38.11
38.19
38.42
38.31
38.42
38.27
38.18
37.82
37.62
37.56
37.68
37.9
37.72
37.71
37.71
37.53
37.08
37.01
36.86
36.73
37.32
37.63
37.46
37.16
36.91
37.05
36.77
36.56
36.22
36.03
36.11
36.01
35.97
35.95
35.76
36.1
36
36.01
35.93
35.83
35.72
35.65
35.66
35.65
35.56
35.38
35.19
35.02
34.82
34.75
