34.16
34.11
34.08
34.26
34.36
34.36
34.42
34.47
34.49
34.5
34.62
34.7
34.78
34.84
34.8
34.72
34.69
34.61
34.55
34.52
34.48
34.43
34.35
34.29
34.21
34.24
34.35
34.35
34.33
34.3
34.39
34.39
34.43
34.5
34.62
34.75
34.88
34.91
35.03
35.25
35.29
35.37
35.42
35.45
35.52
35.54
35.54
35.56
35.63
35.62
35.61
35.69
35.82
35.91
35.94
36.05
36.24
36.46
36.77
37.21
37.42
37.61
37.65
37.96
38.26
38.59
38.81
38.84
38.99
39.12
39.16
39.18
39.05
39.1
39.08
39.03
39.08
39.21
39.06
39.03
39.06
38.18
38
37.93
37.83
37.63
37.68
37.85
37.84
37.72
37.89
38.28
38.51
38.6
38.44
38.11
37.95
37.79
37.8
37.75
37.63
37.52
37.47
37.55
37.52
37.67
37.86
38.05
38.07
37.96
37.89
37.7
37.64
37.67
37.67
37.64
37.61
37.57
37.4
37.33
37.25
37.3
37.37
37.5
37.58
37.57
37.61
37.7
37.67
37.44
37.56
37.63
37.72
37.79
37.72
37.73
37.54
37.5
37.45
37.42
37.37
37.31
37.36
37.52
37.82
38.22
38.37
38.15
38.11
37.89
37.97
37.95
38.04
37.8
37.86
38.12
38.49
38.57
38.13
38.14
38.17
38.17
38.09
37.99
37.86
37.91
37.9
37.87
37.9
38.3
38.51
38.57
38.25
38.17
38.17
38.16
38.44
38.59
38.7
38.67
38.42
38.22
38.09
38.06
38.06
37.87
37.94
37.91
37.89
37.83
37.78
37.85
37.9
37.91
37.61
37.56
38.01
38.17
37.73
37.72
37.81
37.68
37.23
36.97
36.75
36.58
36.46
36.29
36.18
36.04
35.97
35.86
35.75
35.61
35.59
35.54
35.5
35.39
35.38
35.37
35.29
35.2
35.12
35.03
34.99
34.91
34.9
34.87
34.78
34.77
34.84
34.92
34.94
34.95
34.99
35.18
35.16
35.1
35.03
35.01
35.04
35.06
35.11
35.2
35.16
35.13
35.11
35.12
35.06
35.02
34.96
34.9
34.86
34.84
34.8
34.73
34.6
34.47
34.48
34.42
34.36
34.36
34.47
34.6
34.68
34.79
34.81
34.78
34.88
34.91
34.9
34.88
34.9
34.95
34.94
34.92
34.95
35.09
35.02
35.11
35.15
35.13
35.03
34.95
34.96
35.07
35.07
35.05
35.03
35.2
35.36
35.63
35.72
35.62
35.67
35.71
35.68
35.66
35.65
35.69
35.8
35.94
36.2
36.37
36.62
36.86
37.1
37.34
37.51
37.7
37.89
38.15
38.46
38.74
39.07
39.12
39.07
39
38.93
38.91
38.84
38.17
37.91
37.75
37.61
37.52
37.62
37.52
37.42
37.48
37.88
38.18
38.32
38.34
37.95
37.74
37.61
37.48
37.42
37.36
37.33
37.26
37.28
37.36
37.38
37.45
37.62
38.06
38.17
37.9
37.74
37.62
37.57
37.49
37.41
37.39
37.35
37.35
37.42
37.41
37.47
37.45
37.44
37.5
37.65
37.94
37.99
37.97
38
37.93
37.81
37.73
37.61
37.56
37.54
37.38
37.28
37.18
37.13
37.13
36.91
36.83
36.8
36.85
37.05
37.12
37.44
37.74
37.82
37.7
37.6
37.49
37.48
37.45
37.38
37.44
37.46
37.37
37.52
38.08
38.13
38.15
37.87
37.71
37.78
37.76
37.7
37.63
37.72
37.67
37.65
38.03
38.43
38.47
38.23
38.06
37.97
38.01
38.11
38.08
38.01
38.05
38.4
38.58
38.7
38.6
38.07
37.85
37.84
37.94
37.96
37.83
37.57
37.33
37.22
37.42
37.45
37.45
37.43
37.38
37.39
37.2
37.26
37.12
37.01
37.01
36.85
36.64
36.48
36.34
36.18
36.03
35.92
35.8
35.7
35.71
35.59
35.48
35.38
35.24
35.13
35.04
34.93
34.8
34.74
34.64
34.55
34.43
34.68
34.55
34.59
34.8
35.12
35.18
34.94
34.73
34.76
34.74
34.7
34.85
34.92
34.91
34.88
34.81
34.73
34.68
34.7
34.64
34.55
34.41
34.3
34.19
34.16
34.11
34.01
33.91
33.79
33.69
33.58
33.59
33.61
33.62
33.62
33.68
33.71
33.68
33.7
33.7
33.68
33.63
33.69
33.69
33.66
33.62
33.59
33.72
33.93
34.05
34.1
34.16
34.18
34.27
34.57
34.75
34.93
34.94
34.85
34.71
34.63
34.66
34.92
35.11
35.21
35.18
35.18
35.05
35.08
35.14
35.24
35.28
35.3
35.46
35.69
35.83
35.82
35.94
36.36
36.36
36.59
36.67
37.11
37.27
37.39
37.5
37.87
38.13
38.28
38.47
38.76
39.03
39.21
39.16
39.13
38.84
38.6
38.45
38.43
38.53
38.57
38.41
38.38
38.29
38.04
38.02
38.02
38
37.97
37.87
38.01
38.39
38.44
38.45
38.56
38.12
38.12
38.06
38.17
38.25
37.96
37.91
37.92
37.76
37.74
37.57
37.39
37.31
37.33
37.31
37.12
37.08
37.09
37.07
37.4
37.51
37.62
37.68
37.82
38
37.93
38.02
38.24
38.29
38.18
37.76
37.98
38.04
38.11
37.84
37.89
38.02
37.94
38
38
38.07
38
38.11
37.98
38.11
38.31
38.4
37.84
37.88
38.02
38.08
38.12
38.23
38.32
38.28
38.15
38.26
38.19
38.31
38.28
38.2
38.26
38.33
38.36
38.15
38.24
38.23
38.22
38.32
38.57
38.69
38.32
38.31
38.31
38.22
38.26
38.21
38.2
38.35
38.48
38.66
38.62
38.51
38.44
38.42
38.43
38.36
38.31
38.25
38.47
38.18
37.83
37.82
37.85
37.95
37.96
37.93
38.04
38.65
38.6
38.33
37.95
37.57
37.36
37.21
36.99
36.93
36.91
36.76
36.6
36.49
36.44
36.32
36.21
36.11
36.03
35.98
35.93
35.87
35.81
35.74
35.64
35.56
35.48
35.23
35.27
35.33
35.37
35.38
35.38
35.41
35.42
35.41
35.41
35.31
35.29
35.17
35.16
35.08
35.02
34.94
34.98
35
34.92
34.82
34.78
34.85
34.84
34.83
34.8
34.76
34.72
34.63
34.51
34.46
34.49
34.47
34.45
34.45
34.49
34.45
34.42
34.46
34.51
34.56
34.55
34.51
34.48
34.39
34.33
34.3
34.37
34.4
34.35
34.26
34.25
34.2
34.2
34.21
34.25
34.3
34.34
34.45
34.58
34.63
34.6
34.54
34.47
34.42
34.34
34.29
34.24
34.21
34.17
34.14
34.14
34.24
34.39
34.5
34.71
34.92
35.16
35.33
35.51
35.59
35.58
35.67
35.76
35.82
35.93
36.15
36.38
36.66
36.88
37.09
37.36
37.79
38.19
38.32
38.47
38.59
38.8
38.8
38.7
38.68
37.11
38.71
38.65
38.5
38.23
38.05
38.12
38.13
38.21
38.45
38.6
38.61
38.6
38.67
38.62
38.06
38.01
38.08
38.12
38.01
37.95
37.83
37.55
37.43
37.35
37.42
37.41
37.42
37.43
37.42
37.5
37.56
37.62
37.72
37.75
37.7
37.81
38.12
38.04
38.01
38.04
37.9
37.8
37.68
37.54
37.39
37.41
37.5
37.46
37.39
37.33
37.31
37.3
37.21
37.12
37
36.92
37.01
37.05
37.06
37
37.17
37.61
38.03
38.13
38.02
38.03
38.05
38.02
37.91
37.88
37.72
37.7
37.76
37.84
37.84
37.84
38.03
38.19
38.3
38.21
38.1
38.18
38.08
38.12
38.13
38.17
38.24
38.4
38.6
38.63
38.76
38.54
38.15
38.18
38.2
38.3
38.4
38.52
38.61
38.24
38.13
38.2
38.19
38.2
38.22
38.25
38.39
38.18
37.78
37.66
37.66
37.7
37.62
37.48
37.53
37.54
37.3
37.22
37.09
36.96
36.79
36.66
36.59
36.45
36.33
36.22
36.11
36.01
35.94
35.83
35.95
35.97
35.72
35.78
35.77
35.75
35.77
35.82
35.81
35.76
35.7
35.6
35.58
35.53
35.51
35.56
35.53
35.5
35.44
35.38
35.34
